(312.09892565272094, 0.383708677589367, 88.31195068359375)
(311.63283672037113, 0.5542710130868438, 82.11018371582031)
(310.29259184790095, 0.3001653957274575, 79.92045593261719)
(312.2116779822294, 0.31553034176376477, 79.75587463378906)
(312.0097438628989, 0.2619358712098368, 79.69188690185547)
(311.34733697674193, 0.4925372455224618, 79.68236541748047)
(312.79298222963496, 0.668376912128361, 79.39434051513672)
(310.5252230313724, 0.2655475148702587, 79.37273406982422)
(313.51888740354394, 0.42097697361604863, 79.18708038330078)
(311.0752046673126, 0.257656304406217, 78.99411010742188)
(310.06095479176213, 0.3219125779377439, 78.97122192382812)
(311.6943970163238, 0.8090792975284739, 78.95225524902344)
(310.4089569248728, 0.3923496350789989, 78.89071655273438)
(312.3650457661179, 0.4419409256461597, 78.84815216064453)
(100.91670110167817, 7.208225150201858, 78.81147766113281)
(315.36860193043316, 1.3035684709882118, 78.80152893066406)
(311.84586986201543, 0.3303904025568516, 78.80152130126953)
(100.82214094475, 7.450773520563185, 78.72792053222656)
(312.30121186820935, 0.5414564590934253, 78.6748275756836)
(312.2439982672029, 0.45508515172037844, 78.45637512207031)
(312.9269907519253, 0.631461828348026, 78.39608001708984)
(311.18981707516275, 0.4036990127838065, 78.34415435791016)
(312.46250696921834, 0.6581484202392551, 78.23889923095703)
(313.30427325141886, 0.32262929099637067, 78.14669799804688)
(311.76810637708223, 0.7819565324112524, 78.11505126953125)
(311.16278754796855, 0.09247769180313542, 78.09988403320312)
(315.5646962738305, 1.5433541952042493, 78.06385803222656)
(312.4739024675399, 0.14315460950983855, 78.04620361328125)
(313.76583833563825, 0.38470248523365513, 77.90180969238281)
(312.2239286027535, 0.2254077713020677, 77.88516998291016)
(313.40329813454167, 0.6862412643197162, 77.84762573242188)
(310.04128122812284, 0.3077601697617457, 77.77182006835938)
(313.2911658159805, 0.13951476022108855, 77.7520980834961)
(311.13686949444747, 0.2691631098261389, 77.60797119140625)
(310.60979697207335, 0.1281834028639653, 77.60218811035156)
(101.11219954061927, 7.356081442926467, 77.54594421386719)
(311.78059076180926, 0.2645287472155972, 77.47286987304688)
(311.54445119483233, 0.262164740483934, 77.47201538085938)
(101.13154163938518, 7.323645648519999, 77.46318817138672)
(312.8679929491909, 0.6667953346143021, 77.04617309570312)
(311.1896582285052, 0.4033590499929479, 76.96734619140625)
(311.3321026383138, 0.360435487350796, 76.93415069580078)
(311.19007427460224, 0.40366054359451725, 76.93347930908203)
(313.0655785881795, 0.28236906196622047, 76.84422302246094)
(313.74212064843704, 0.567436861762986, 76.84223175048828)
(313.1897413447196, 0.7295111889073898, 76.77859497070312)
(101.04810653787608, 7.572949580709941, 76.67870330810547)
(313.7782097888175, 0.34057860463537504, 76.58247375488281)
(311.5409866841123, 0.7099820510915807, 76.57911682128906)
(312.4510553809514, 0.26002077636639237, 76.53076934814453)
(312.749573666233, 0.6448027951036215, 76.50032806396484)
(312.0779923908737, 0.7000168432080087, 76.33101654052734)
(312.7716498279355, 0.4387747257134305, 76.10889434814453)
(310.8106490700085, 0.15187255420402604, 75.83790588378906)
(100.72016547410112, 7.50771680364424, 75.7540283203125)
(315.5325190396047, 1.401858774536389, 75.71562957763672)
(312.66205627274286, 0.13119478759686112, 75.63329315185547)
(312.09072313767274, 0.7138680428879132, 75.62997436523438)
(312.1186196966463, 0.6252872967670364, 75.57991027832031)
(311.7932836668114, 0.04084883592002431, 75.56917572021484)
(315.52257897273734, 1.4589563324519705, 75.55567932128906)
(312.141436791637, 0.15778960045788368, 75.51517486572266)
(310.6411700087758, 0.2673454240770729, 75.48582458496094)
(259.4470785832838, 6.050156160077292, 75.4668960571289)
(313.5800139003243, 0.342237530064296, 75.44190979003906)
(313.1900150375597, 0.7296211945318368, 75.42530059814453)
(312.3894482069066, 0.176667859057059, 75.29509735107422)
(259.4608721725579, 5.997590547284323, 75.16839599609375)
(312.76326620994445, 0.23215224270211288, 75.15678405761719)
(313.17508317864923, 0.7057140968213333, 75.12783813476562)
(311.4018169572107, 0.7957681203257929, 75.09756469726562)
(310.05369754214195, 0.30642476292852083, 75.00574493408203)
(310.6101649123403, 0.30649467876999825, 74.93734741210938)
(311.7796690461788, 0.28819598523914325, 74.9325942993164)
(312.389224495806, 0.1766641479484236, 74.90322875976562)
(310.810297432273, 0.1518566929967118, 74.7832260131836)
(312.4244367991337, 0.39549629011230203, 74.67240905761719)
(101.0032437737295, 7.283457965414531, 74.6217269897461)
(315.39274294538, 1.5280877513159028, 74.62049865722656)
(313.6855448413077, 0.17300921105356076, 74.61770629882812)
(259.33576276704036, 6.079306448977031, 74.61311340332031)
(311.22369465293013, 0.8000655844845929, 74.58970642089844)
(312.7058345126889, 0.4380331146565729, 74.5422134399414)
(312.85107736408554, 0.02321288995558679, 74.5405044555664)
(313.27785079319403, 0.1964580856876684, 74.4093017578125)
(311.651201656352, 0.6272902357702205, 74.36339569091797)
(310.2928070392122, 0.13878487374123785, 74.34771728515625)
(312.4242674577743, 0.3958794096197018, 74.31024169921875)
(312.2183826263266, 0.026739744907753465, 74.28439331054688)
(100.90261201747678, 7.28114564852, 74.2080307006836)
(313.08313490158827, 0.06983734063918054, 74.1702651977539)
(313.0777576247552, 0.6693537079595712, 74.14542388916016)
(310.79069196363014, 0.15426192798332292, 74.00190734863281)
(313.65725875743226, 0.5840548359383333, 73.98957061767578)
(311.89624427075904, 0.4600638936749514, 73.90253448486328)
(310.93521400060524, 0.018655805952440985, 73.80016326904297)
(311.3528880055234, 0.7680050121782778, 73.79414367675781)
(311.1307959877743, 0.14036309490643403, 73.75481414794922)
(313.4960773958128, 0.5456246312223855, 73.6456527709961)
(310.3132662270378, 0.07650712648103819, 73.46065521240234)
(315.3499552493893, 1.231478389879271, 73.42412567138672)
(315.5008796522621, 1.2609786814916841, 73.10538482666016)
(100.83962443134939, 7.521265099407044, 73.09092712402344)
(101.06698171928613, 7.416634607938403, 73.06184387207031)
(311.2964456287652, 0.3481967941134913, 73.05970001220703)
(100.79228600497136, 7.22064773727868, 73.04335021972656)
(313.96803252407415, 0.09833237525169444, 73.01600646972656)
(311.5396068260037, 0.390000491063768, 72.94029998779297)
(310.79035060067577, 0.1542912836542639, 72.90556335449219)
(313.21309482157073, 0.25928307360359026, 72.81207275390625)
(312.73573609926734, 0.018285479057364606, 72.74922180175781)
(311.85922905096464, 0.7017999878318525, 72.71143341064453)
(311.0900953635203, 0.14654687176190279, 72.65971374511719)
(310.91368803692797, 0.24701724936606945, 72.59833526611328)
(313.54742212322304, 0.614465353200467, 72.5484390258789)
(311.77941037624134, 0.702327204425277, 72.43170166015625)
(313.9541193949034, 0.21005073530486285, 72.37798309326172)
(315.3749048784312, 1.584306973066798, 72.09485626220703)
(313.40529681550413, 0.40055437297585766, 72.08024597167969)
(313.64760319916405, 0.5450690537388975, 72.014404296875)
(313.5809720908184, -0.010057976730951379, 71.90316772460938)
(311.9688512687788, 0.6905231662715225, 71.88690185546875)
(312.3526626993047, 0.7306664607210296, 71.59637451171875)
(311.53945999140393, 0.3896623201209861, 71.57059478759766)
(313.729932741536, 0.7050727158482726, 71.52845764160156)
(311.2077081409722, 0.2054234752929618, 71.43062591552734)
(312.76549831647117, 0.14005370144234724, 71.0965805053711)
(311.0786904698571, 0.22812725845352605, 71.09571075439453)
(313.200400909839, 0.02157556140923958, 71.07432556152344)
(100.77755483092622, 7.601322045419753, 71.0356674194336)
(259.5508188854757, 6.218962736276294, 71.0301284790039)
(313.8109847333166, 0.733954433106302, 71.00688934326172)
(312.94902942786933, 0.3917209056320972, 70.96800231933594)
(311.15121470166184, 0.15195748577557466, 70.94172668457031)
(312.7610836887143, 0.6580601566216336, 70.82722473144531)
(311.75588690144207, 0.42148570763979515, 70.70402526855469)
(311.8905866080278, 0.34373092447525433, 70.6975326538086)
(313.1366295170485, 0.8024071431792299, 70.6826171875)
(100.9595378970612, 7.237243806614618, 70.67674255371094)
(310.36493094397025, 0.3042869641953394, 70.66992950439453)
(311.3590521181586, 0.13243288827039235, 70.5806655883789)
(100.76161149867795, 7.1939015214583675, 70.50005340576172)
(315.57178237493866, 1.1973390873076564, 70.44638061523438)
(100.87968992546288, 7.215074142443611, 70.4341049194336)
(313.093521021972, 0.42970989895892014, 70.39696502685547)
(313.2433490988971, 0.7488841332094188, 70.3624267578125)
(312.30587826061753, 0.32537010752439843, 70.22894287109375)
(312.79091053465845, 0.13460784845168056, 70.0990219116211)
(312.0352358401667, 0.2637716561219462, 70.08010864257812)
(259.5643207182258, 6.30157042094155, 70.025390625)
(311.0461882573327, 0.035747887658170135, 70.00580596923828)
(101.1288552146, 7.2613560841753815, 69.95002746582031)
(311.63608285775655, 0.13025415004762847, 69.88311767578125)
(310.76988743126117, 0.22065790373202082, 69.86553955078125)
(311.39439684811197, 0.34998591680093705, 69.83528137207031)
(310.41102332173887, 0.36297003745109024, 69.75267028808594)
(310.9150215872752, 0.1301251256138993, 69.74174499511719)
(311.19857017511976, 0.7132796619042977, 69.65496826171875)
(310.5412894850942, 0.19521265226717707, 69.54971313476562)
(259.53661483477583, 6.300679553496345, 69.50662994384766)
(259.38383710786064, 6.380661904163663, 69.50563049316406)
(313.1391698426371, 0.5292799062831389, 69.46346282958984)
(313.4050077756159, 0.4010022293644262, 69.4197998046875)
(310.81214381462723, 0.10915298022941666, 69.39999389648438)
(311.2532991308268, 0.24137224984265798, 69.31365966796875)
(310.8117797388594, 0.10917158693117361, 69.30769348144531)
(311.98124918491516, 0.19191944342327952, 69.2911376953125)
(311.69837640678605, 0.537571607840533, 69.24818420410156)
(313.93769335510166, 0.33422261539112585, 69.17011260986328)
(311.3681659555067, 0.07740267586804861, 69.04367065429688)
(312.7911794306679, 0.1346158250588837, 69.03446960449219)
(312.4327332061975, 0.5909748057373021, 68.77252197265625)
(311.1816677012007, 0.17134347210369966, 68.7329330444336)
(311.1007921985084, 0.21694870349475867, 68.70956420898438)
(313.2007777694183, 0.021597425003329868, 68.61471557617188)
(100.965844134176, 7.3921455908756855, 68.58711242675781)
(312.104954196829, 0.13075802832789235, 68.54894256591797)
(311.2079151008487, 0.20542568985001042, 68.5382308959961)
(312.9487516364108, 0.39208013255676955, 68.48017120361328)
(310.98375705751715, 0.33783641745688975, 68.23513793945312)
(311.3263920677522, 0.5097321714664722, 68.22724151611328)
(315.5770236630178, 1.3609050154489324, 68.21998596191406)
(311.2739744509223, 0.3659879911485391, 68.01200866699219)
(100.77116865471093, 7.188369498346389, 67.99589538574219)
(310.41053749806076, 0.3630334852614262, 67.88032531738281)
(311.8106257048817, 0.76350534824445, 67.87113952636719)
(312.1238440347539, 0.6495242047260208, 67.81900787353516)
(313.230123526523, 0.6164693408306754, 67.79947662353516)
(311.2402571529301, 0.7185164189708125, 67.70792388916016)
(312.4428355418095, 0.6469629310085694, 67.61811828613281)
(310.6951503571509, 0.26901704137307986, 67.61360168457031)
(311.9298076896772, 0.7422750108895781, 67.56815338134766)
(311.92799708176705, 0.5726194187129289, 67.48612213134766)
(313.553095255949, 0.22649562230876216, 67.45955657958984)
(312.0827710710152, 0.08252102881617361, 67.44611358642578)
(313.4907055984631, 0.7611892488032231, 67.4149169921875)
(311.94656351385055, 0.39374500494671705, 67.20674896240234)
(311.5959381060619, 0.4907363693288854, 67.16876220703125)
(312.68212438051387, 0.5709931671468073, 67.1226806640625)
(311.94651978514975, 0.3934158766393612, 67.10751342773438)
(313.32396941953516, 0.6001278898215607, 67.10681915283203)
(313.3931436308253, 0.41735016290641325, 67.07085418701172)
(312.3332660407011, 0.06535438249455902, 67.03785705566406)
(310.31744607560273, 0.22649344443351216, 67.02828216552734)
(313.566166791124, 0.6306547249452586, 66.99887084960938)
(101.10724617741262, 7.596519726210972, 66.99110412597656)
(312.69773666485634, 0.7372631900688993, 66.87850189208984)
(100.88392491759613, 7.332370725831198, 66.87085723876953)
(311.49786650758506, 0.7911886101668303, 66.74777221679688)
(313.16375923189696, 0.1985777784647014, 66.70030975341797)
(313.5673875151653, 0.22488239531223436, 66.68678283691406)
(312.15170617708077, 0.061488381789263885, 66.61053466796875)
(312.8119585421997, 0.15749192912659374, 66.59359741210938)
(311.8412044707509, 0.4612334289939618, 66.58518981933594)
(311.31359401273915, 0.4920178363427743, 66.506591796875)
(313.2593054519787, 0.810312070293193, 66.48973083496094)
(311.5968052148451, 0.2636562871147934, 66.48494720458984)
(312.28943143071575, 0.35164952307886893, 66.46625518798828)
(312.0275147229592, 0.6236914308816198, 66.4186019897461)
(311.6180457657813, 0.5876925422209583, 66.39022827148438)
(100.81913275925737, 7.218824922337274, 66.38545227050781)
(311.2413367631189, 0.6157288586138246, 66.31793212890625)
(312.37679486839244, 0.6467158585074879, 66.21138763427734)
(315.4147022756209, 1.2102968848879514, 66.20609283447266)
(310.9800709409807, 0.21144314590469793, 66.1795654296875)
(315.60653801708787, 1.3038489275311806, 66.1795425415039)
(311.22398657051906, 0.6009151175656475, 66.08572387695312)
(315.57378587513534, 1.4004650197892101, 66.01260375976562)
(311.35176916329254, 0.7912190048269323, 65.96984100341797)
(312.6266103939722, 0.20428265787680905, 65.96040344238281)
(312.0485276695938, 0.2521602601801059, 65.95108032226562)
(313.2394885574475, 0.45588874390684725, 65.94546508789062)
(312.78121082986496, 0.30098964165502085, 65.94447326660156)
(310.52323735428905, 0.13408146737134374, 65.88778686523438)
(312.1904863725289, 0.21044730851994964, 65.84444427490234)
(311.4336143577912, 0.7799376649696189, 65.79518127441406)
(313.15914263440345, 0.3639980690937704, 65.79190063476562)
(311.56856898832507, 0.7497607054020191, 65.78956604003906)
(311.67678274494796, 0.7698262126039879, 65.77174377441406)
(312.7157276221623, 0.0979357476120521, 65.76947784423828)
(311.14756076845464, 0.2566725533211476, 65.74695587158203)
(313.35302220025784, 0.22142382122911805, 65.72138977050781)
(311.2141952429366, 0.4254147818722882, 65.7204360961914)
(312.81216555719675, 0.15755985582060245, 65.68183135986328)
(315.51262193470563, 1.5627026915353581, 65.67254638671875)
(313.9337300437821, 0.7576776285001823, 65.57070922851562)
(313.8620866402172, 0.1377716656162778, 65.50756072998047)
(315.5453717295597, 1.316790449069809, 65.50000762939453)
(310.5753014785024, 0.3295065094177847, 65.34009552001953)
(313.2594917572782, 0.37668566628798306, 65.32528686523438)
(315.5514336777002, 1.2861035662030558, 65.25585174560547)
(311.8228884137576, 0.7546327396357804, 65.2430648803711)
(100.90279586893077, 7.430052746230503, 65.2196044921875)
(315.2874790531003, 1.4243083866240627, 65.18087005615234)
(311.45012304512846, 0.6126053675385208, 65.08609008789062)
(313.656033631184, 0.23563445180334375, 65.03428649902344)
(313.2714611244115, 0.046609775005159726, 64.982666015625)
(313.359175531867, 0.5339926189611007, 64.96126556396484)
(313.3219137893811, 0.7629380755718863, 64.94098663330078)
(311.59580506347004, 0.49077308828215627, 64.80787658691406)
(311.41993309015885, 0.42972172767306943, 64.72689056396484)
(310.46631888369444, 0.18688557503735936, 64.62706756591797)
(312.8753500930169, 0.6728710283805781, 64.59505462646484)
(312.15367667974635, 0.43052575773166324, 64.46244049072266)
(311.7114050555647, 0.0750988833918125, 64.44998931884766)
(310.1128923527973, 0.04650577014423263, 64.4002685546875)
(310.5854560500356, -0.006505114388638877, 64.3852767944336)
(313.62467418983243, 0.7426598350567144, 64.32672119140625)
(312.95915884262826, 0.21244991659404167, 64.27269744873047)
(100.78553297355859, 7.574132141100837, 64.26107788085938)
(312.0563133476337, 0.5055604460454652, 64.2524185180664)
(313.1380689294834, 0.7443855479660816, 64.21519470214844)
(313.6453208422843, 0.37184650828120835, 64.05873107910156)
(100.80787770690277, 7.481994088054505, 64.05806732177734)
(315.3445529259844, 1.4164138282473264, 64.01229858398438)
(311.62802496252, 0.2065688812216736, 64.00135803222656)
(315.2786546241181, 1.3479713945721963, 63.8942756652832)
(311.3683124737901, 0.05045965557724999, 63.82509231567383)
(310.56156219356313, 0.01820022144035416, 63.813941955566406)
(315.4668224334985, 1.2592788523901217, 63.77348327636719)
(101.0681238269318, 7.6133065198138095, 63.76564407348633)
(312.442538433523, 0.12695840521838891, 63.75566101074219)
(313.763220688449, 0.6047465338007465, 63.63534927368164)
(312.0138019718482, 0.18108375345474653, 63.591732025146484)
(310.7347747959666, 0.04072643264912151, 63.53480529785156)
(100.74553076951128, 7.468398015327725, 63.53232192993164)
(313.63144036268363, 0.15963818851124306, 63.515541076660156)
(311.77179457898654, 0.6930436469572865, 63.49948501586914)
(311.97912987262873, 0.08965888773209027, 63.255157470703125)
(311.9046556862613, 0.33716740722265015, 63.21712875366211)
(310.3726894744811, 0.1089512454046493, 63.18690490722656)
(313.0597426575785, 0.8096316854791363, 63.16998291015625)
(312.02358707714586, 0.06874549577580902, 63.112091064453125)
(312.84572305173003, 0.5783193824658646, 63.091827392578125)
(313.08658705850286, 0.31768018019809985, 63.06262969970703)
(313.3029242603012, 0.6720362726611875, 63.0150146484375)
(311.44482936696505, 0.35644112632106506, 62.90419387817383)
(312.0136094906116, 0.18106879899846529, 62.90209197998047)
(311.977203679837, 0.7419031711543351, 62.85094451904297)
(312.16125383835634, 0.7428159069965287, 62.80245590209961)
(315.4576781294349, 1.304453006035955, 62.72053527832031)
(312.92807006021184, 0.1049009528353611, 62.686893463134766)
(100.91088745218272, 7.381707002415399, 62.60266876220703)
(311.50213029910753, 0.3921621528476222, 62.57461166381836)
(312.8468487434618, 0.5310739668842673, 62.52840805053711)
(311.3320233408099, 0.7447195151486554, 62.45686721801758)
(312.9001726535278, 0.257964900724901, 62.44999313354492)
(313.6635233230243, 0.010271767341538202, 62.44658660888672)
(313.78312766262394, 0.3645319364767379, 62.43775177001953)
(259.69319039057723, 6.092777145320348, 62.40230178833008)
(310.7095501950687, 0.043467792783670134, 62.38533020019531)
(312.32401512816483, 0.6689317398551441, 62.37031555175781)
(310.7448150622155, 0.20730805699807986, 62.30374526977539)
(313.9951667666617, 0.11843918677513195, 62.293617248535156)
(312.1216032989341, 0.38187094294309964, 62.25679397583008)
(312.74770549454115, 0.723131033696829, 62.250335693359375)
(313.05289992471376, 0.2522349372103611, 62.23258972167969)
(310.8569471447296, 0.3879074937440534, 62.071937561035156)
(311.24791474497613, 0.3042430553710868, 62.06376266479492)
(311.4853433650883, 0.45176020016655904, 62.05323791503906)
(312.76824332176085, 0.3296751393628117, 61.9913330078125)
(311.5221737500845, 0.43776731415310416, 61.98586654663086)
(311.6657546242496, 0.23919259609255034, 61.972991943359375)
(310.5509955669084, 0.393012067855556, 61.86703872680664)
(313.78582838351696, 0.06930832740013196, 61.849552154541016)
(311.5020325723773, 0.3918390372433819, 61.83222198486328)
(313.3587581316543, 0.19340175023844966, 61.79131317138672)
(311.4698216670903, 0.7758550403222665, 61.716941833496094)
(312.69411635337707, 0.11491091308514237, 61.704856872558594)
(310.41927922440624, 0.05502778356057986, 61.62228012084961)
(100.74431138881467, 7.381286707547778, 61.60684585571289)
(312.9838251498657, 0.276801808005717, 61.590579986572266)
(310.1329635265712, 0.06162617894414582, 61.54752731323242)
(312.9103008273559, 0.34526638387919795, 61.54746627807617)
(312.40906987611936, 0.45898573781195484, 61.49610900878906)
(312.30831921718124, 0.6565944833176007, 61.346343994140625)
(312.21542689715994, 0.15588265872611284, 61.294124603271484)
(313.4257234342921, 0.5293251588374028, 61.288272857666016)
(313.0009564264316, 0.7973015470607268, 61.19218826293945)
(310.50720114687806, 0.1631261315423507, 61.15902328491211)
(313.37121369466973, 0.3039031540470434, 61.0703239440918)
(311.81242963283313, 0.42712905209509033, 61.05299377441406)
(313.8769495380719, 0.6399990328513108, 60.99213409423828)
(311.97511108058234, -0.0030049238456006933, 60.94700241088867)
(310.65205874846765, 0.046903427820562504, 60.880279541015625)
(313.1972778301797, 0.4428284411724722, 60.851497650146484)
(315.36077959699134, 1.541349537882743, 60.83884048461914)
(313.73285007134245, -0.0026089563997812593, 60.724117279052734)
(313.2213306109024, 0.04409048111410069, 60.69771957397461)
(312.0196063303468, 0.2882273072992465, 60.6436653137207)
(310.05107757415146, 0.1638740020235729, 60.64148712158203)
(313.71005079562633, 0.1441695910991337, 60.6102409362793)
(312.0782461957982, 0.2642402704882656, 60.5792350769043)
(312.12603401006857, 0.5866511103792327, 60.53491973876953)
(313.83370441094206, 0.24499797380312674, 60.50234603881836)
(313.6634002693676, 0.1702596620355486, 60.43482208251953)
(312.6024228424279, 0.6373418576036215, 60.424232482910156)
(310.9408683822513, 0.1819311558873368, 60.31411361694336)
(312.4091790038506, 0.4590043547368715, 60.29743957519531)
(310.4107201232424, 0.2698866939452309, 60.28053283691406)
(313.73852805324896, 0.04164031117834374, 60.21274185180664)
(311.8412862748145, 0.6002551541187449, 60.19385528564453)
(310.6029403334829, 0.21251115148050173, 60.14147186279297)
(315.4753944736325, 1.391860978583698, 60.10346221923828)
(311.63423016949696, 0.2545878665461094, 60.09681701660156)
(312.9941932596747, 0.3784731413187053, 60.05860137939453)
(311.6754333593685, 0.7156416338143828, 60.04832077026367)
(311.3259893570638, 0.39155410493841536, 59.97334289550781)
(311.3180706219835, 0.2561089000976493, 59.96926498413086)
(313.8277550410694, 0.5203547491327777, 59.887351989746094)
(315.29163402136203, 1.5877932143014715, 59.84629821777344)
(311.6777955042409, 0.07193644849597916, 59.7886962890625)
(311.09104056920876, 0.2869312745668073, 59.75746536254883)
(100.79881564771223, 7.227521957385017, 59.725948333740234)
(313.1811065634738, 0.0606255079568889, 59.718963623046875)
(313.3227770762886, 0.38717391362956294, 59.7147102355957)
(311.2088455989258, 0.048925062207024306, 59.689430236816406)
(311.803643706862, 0.48765975277868406, 59.60310745239258)
(311.77102239904343, 0.3966925303949863, 59.57918167114258)
(313.3230840706853, 0.386723162309625, 59.44905090332031)
(312.9142198236484, 0.5521986752718542, 59.44257736206055)
(310.5951711514896, 0.15739111567321007, 59.37704086303711)
(311.86056195705186, 0.7853241513958986, 59.37653732299805)
(311.7709707908735, 0.3963584493390139, 59.37076187133789)
(100.84885477802908, 7.556430462294957, 59.36662292480469)
(311.4519841453396, 0.27957701940103474, 59.36503982543945)
(311.53755869542414, 0.7212300759261077, 59.341548919677734)
(311.74351243041343, 0.6297289632550296, 59.27404022216797)
(313.7074340639644, 0.6316775335566058, 59.272483825683594)
(310.4101913948164, 0.26989162429951213, 59.19809341430664)
(311.7805557179026, 0.5047978821189618, 59.19638442993164)
(310.1096011337218, 0.3796470419473468, 59.18180465698242)
(311.507512811518, 0.32038222569986285, 59.12044906616211)
(311.8046355620595, 0.3988265415156632, 59.04763412475586)
(313.71918101074135, 0.10141298912973264, 58.97703170776367)
(311.80467077550827, 0.3991705651562032, 58.9731559753418)
(259.29156459945136, 6.205399724259149, 58.95701599121094)
(313.76113937459223, 0.21695238732309202, 58.91603469848633)
(310.1694615666645, 0.18317213163511806, 58.857460021972656)
(311.3252363527778, 0.35422349445121915, 58.85671615600586)
(310.0282964733485, 0.07756171225577778, 58.83735656738281)
(311.22460465320137, 0.4916251090207257, 58.8280029296875)
(312.0723930260391, 0.08354438493596528, 58.827308654785156)
(312.8453353461276, 0.2978000803717109, 58.78469467163086)
(101.0958235051409, 7.3637597503537675, 58.7403564453125)
(313.6444563960499, 0.7440369577238151, 58.73655700683594)
(311.4918310657769, 0.20374109207356075, 58.72496032714844)
(312.6956458859156, 0.24619354993952605, 58.70771789550781)
(311.2091140824517, 0.048881703847406255, 58.66045379638672)
(311.25071113847656, 0.3808351743760781, 58.64908981323242)
(311.23550711151256, 0.35589185653889277, 58.57936477661133)
(313.1266908436998, -0.012493252893805568, 58.51398849487305)
(313.7899379634327, 0.387153150011684, 58.5005989074707)
(313.60992673978996, 0.3586465181692222, 58.44485855102539)
(310.3278429397521, 0.20014541519089063, 58.38094711303711)
(313.1468031366367, 0.45578126940162844, 58.37516403198242)
(313.43336774401325, 0.14897666750190453, 58.3643684387207)
(311.3258423105364, 0.3911936921912986, 58.362388610839844)
(313.88602896877626, 0.2670164064203142, 58.3189811706543)
(313.3348663989731, 0.41096964939729863, 58.31708526611328)
(313.8883612981902, 0.43073832118138883, 58.316043853759766)
(310.9249174545169, 0.024570621219368066, 58.29457473754883)
(259.46612577363214, 6.267441621503073, 58.25048065185547)
(312.0713339982613, 0.009728399150374989, 58.23665237426758)
(313.52095336728905, 0.40512532973584026, 58.105472564697266)
(311.91253868186675, 0.32627172478178645, 58.05266189575195)
(101.10553317488984, 7.205006291694913, 58.022377014160156)
(311.2163256268663, 0.11065490026040972, 58.00788116455078)
(312.28606342562307, 0.5909204178336598, 58.00713348388672)
(313.99590423029497, 0.0765304139886736, 57.94381332397461)
(312.0055164254611, 0.6258328688268612, 57.92007064819336)
(312.39071077238674, 0.5170181339165555, 57.87373352050781)
(313.19161305560283, 0.4802172215544167, 57.86783218383789)
(311.252085088043, 0.4604566248627396, 57.864681243896484)
(313.7709062014156, 0.49897640576255203, 57.83941650390625)
(313.5017432848526, 0.3325165115909887, 57.78509521484375)
(310.1553615469976, 0.3963578171107854, 57.71870040893555)
(312.93672026773135, 0.22798187188918057, 57.66099548339844)
(312.44778599889844, 0.2221569390183021, 57.6516227722168)
(312.09293898511197, 0.5536147808978958, 57.6502799987793)
(311.8524548941606, 0.2109877248089132, 57.649505615234375)
(313.3502195043062, 0.7449761623570967, 57.62667465209961)
(310.0648162148307, 0.07406080351011807, 57.58763122558594)
(313.60942216742535, 0.3585752146410716, 57.58478927612305)
(313.9946537091467, 0.3933620190980555, 57.54549789428711)
(313.0883897148885, 0.05551028714525694, 57.531673431396484)
(311.95109499273235, 0.326829976056743, 57.52293014526367)
(315.4164668189423, 1.3130417375897745, 57.487648010253906)
(313.3345111020319, 0.4114136222121232, 57.47463607788086)
(310.24168470441407, 0.3087721072210555, 57.46540451049805)
(313.8407199104809, 0.06530245446176389, 57.46518325805664)
(313.75647706662284, 0.5912664787334722, 57.44767761230469)
(259.67173104528945, 5.997912507733542, 57.446044921875)
(311.8508305621565, 0.3849379074057556, 57.36466979980469)
(311.2179722875651, 0.39404941074150235, 57.29341125488281)
(311.94419277698665, 0.08769087693564931, 57.28936004638672)
(313.78948827189043, 0.3876330755453414, 57.16669845581055)
(310.2957801040587, 0.4132026608692625, 57.1416130065918)
(315.1962076907956, 1.2913340756431597, 57.13965606689453)
(313.5206071578045, 0.40561161919936006, 57.13880157470703)
(313.611749656733, 0.7707632700366758, 57.137413024902344)
(310.70166206233756, 0.06268637324156945, 57.08529281616211)
(311.5955113991519, 0.2637838470419861, 56.99769592285156)
(313.6113238344722, 0.770627885695549, 56.98196029663086)
(311.75948477086956, 0.4016646110495545, 56.97426986694336)
(101.02921977674056, 7.266664447348125, 56.92036819458008)
(313.7984626250267, 0.42792117572782984, 56.90364456176758)
(312.27316178038654, 0.46431278572645485, 56.80311584472656)
(312.00539575187634, 0.6258524144970712, 56.73539733886719)
(311.75942234591366, 0.40134773427825, 56.71943664550781)
(315.21963244122963, 1.4442163083091755, 56.642242431640625)
(313.19185817212184, 0.48031804647411114, 56.629478454589844)
(312.85012083818833, 0.7405360691384991, 56.62588119506836)
(313.5487554528891, 0.06526825617920487, 56.62104415893555)
(312.52619291350345, 0.2628792561841007, 56.54109573364258)
(100.70890506421614, 7.336399012235278, 55.470703125)
(100.87559716219792, 7.28530102368276, 55.33144760131836)
